6 6 6 6 6 6 6 6 6 6 6 6 6 6 6 6 6 6 6 6
6 0 0 0 0 0 0 6 0 0 0 0 0 0 1 1 1 1 1 6
6 0 0 0 0 0 0 6 0 0 0 0 0 0 1 1 1 1 1 6
6 0 0 6 6 6 6 6 0 0 6 0 0 0 1 1 1 1 1 6
6 0 0 0 0 0 0 6 0 0 6 0 0 0 1 1 1 1 1 6
6 0 0 0 0 0 0 0 0 0 6 0 0 0 1 1 1 5 1 6
6 0 0 6 0 0 0 0 0 0 6 0 0 0 1 1 1 1 1 6
6 0 0 6 6 6 6 6 6 6 6 0 0 0 1 1 1 1 1 6
6 0 0 6 0 0 0 0 0 0 6 0 0 0 1 1 1 1 1 6
6 0 0 6 0 0 0 0 0 0 6 0 0 0 1 1 1 1 1 6
6 0 0 6 0 0 6 6 0 0 6 6 6 6 6 1 1 6 6 6
6 0 0 0 0 0 6 0 0 0 0 0 0 1 1 1 1 1 1 6
6 0 0 0 0 0 6 0 0 0 0 0 0 1 1 1 1 1 1 6
6 6 0 0 6 6 6 0 0 0 0 0 0 1 1 3 1 1 1 6
6 0 0 0 0 0 6 0 0 0 0 0 6 6 1 1 1 1 1 6
6 0 0 0 0 0 6 0 0 0 0 0 6 6 1 1 1 1 1 6
6 0 0 2 0 0 0 0 0 0 0 0 0 1 1 1 1 1 1 6
6 0 4 0 0 0 0 0 0 0 0 0 0 1 1 1 3 1 1 6
6 0 0 0 0 0 6 0 0 0 0 0 0 1 1 1 1 1 1 6
6 6 6 6 6 6 6 6 6 6 6 6 6 6 6 6 6 6 6 6
